754 81832 71087 834717 8275 028 84354 220 26365 431 
801664 176 0718 543077 735561 608 078713 62478 0662 080212 
57285 63662 547135 513266 6420 338724 47340 037337 786 113771 
52617 632668 264677 48642 12464 8464 257554 0136 0887 6023 
6633 3726 22357 55286 603 587131 86473 375220 31240 713 
55734 4555 03828 011554 3334 378 781 67454 10388 352 
676322 656228 77512 76002 127 313 76311 67455 644 3220 
603 476826 087801 655171 2056 351328 44715 752 245 0511 
1411 3281 31554 557255 06861 8128 0023 04063 042 66235 
44716 436 1256 02778 64180 423817 5326 7177 562147 462056 
124606 2564 5343 6674 002 763 2675 75327 237345 3573 
